start=3252.833000
volume=43.000000
fullscreen=yes
