start=192.943000
volume=120.000000
sub-scale=1.500000
