start=3.253250
volume=110.000000
