start=3490.320000
volume=70.000000
fullscreen=yes
sub-delay=-0.000000
