start=30.280000
volume=80.000000
fullscreen=yes
