start=424.240000
pause=yes
volume=90.000000
