start=1397.018060
volume=85.000000
fullscreen=yes
sub-scale=1.500000
