start=115.198000
volume=70.000000
