start=581.647733
pause=yes
volume=130.000000
