start=1431.096333
volume=85.000000
fullscreen=yes
