start=218.680000
pause=yes
volume=54.000000
sid=1
sub-delay=-35.300034
