start=180.480300
pause=yes
volume=90.000000
