start=17.752696
volume=75.000000
