start=3.133645
volume=95.000000
