start=213.838625
volume=65.000000
fullscreen=yes
