start=5.714000
volume=70.000000
fullscreen=yes
