start=9.384384
volume=95.000000
