start=3606.228453
pause=yes
volume=85.000000
fullscreen=yes
sub-delay=-0.000000
