start=1311.959000
pause=yes
volume=70.000000
