start=403.836767
pause=yes
volume=125.000000
