start=423.160000
pause=yes
volume=115.000000
