start=2896.101542
volume=90.000000
sid=no
