start=335.900000
pause=yes
volume=85.000000
