start=4690.125000
volume=130.000000
fullscreen=yes
