start=3822.656000
volume=70.000000
